# SSTK version 0.8.0
# 282
mtllib original-282.mtl
o group_58/ID1626#ID1626
v 0.019840 0.507223 0.402576
v 0.027912 0.518196 0.399358
v 0.020107 0.507050 0.402626
v 0.027740 0.518505 0.399269
v 0.028008 0.518333 0.399318
v 0.020107 0.507050 0.402626
v 0.019841 0.507313 0.402885
v 0.019840 0.507223 0.402576
v 0.020108 0.507141 0.402935
v 0.027741 0.518595 0.399577
v 0.019840 0.507223 0.402576
v 0.019841 0.507313 0.402885
v 0.027740 0.518505 0.399269
v 0.027741 0.518595 0.399577
v 0.028008 0.518333 0.399318
v 0.027740 0.518505 0.399269
v 0.028008 0.518423 0.399627
v 0.020107 0.507050 0.402626
v 0.027912 0.518285 0.399667
v 0.020108 0.507141 0.402935
v 0.027912 0.518196 0.399358
v 0.028008 0.518423 0.399627
v 0.028008 0.518333 0.399318
v 0.027912 0.518285 0.399667
v 0.019841 0.507313 0.402885
v 0.020108 0.507141 0.402935
v 0.027740 0.518285 0.399667
v 0.027741 0.518595 0.399577
v 0.027741 0.518595 0.399577
v 0.068303 0.518505 0.399269
v 0.027740 0.518505 0.399269
v 0.068303 0.518594 0.399578
v 0.027741 0.518595 0.399577
v 0.027740 0.518196 0.399358
v 0.027740 0.518285 0.399667
v 0.027740 0.518505 0.399269
v 0.068303 0.518594 0.399578
v 0.027912 0.518285 0.399667
v 0.068303 0.518285 0.399667
v 0.027741 0.518595 0.399577
v 0.027740 0.518285 0.399667
v 0.068303 0.518196 0.399358
v 0.068303 0.518594 0.399578
v 0.068303 0.518285 0.399667
v 0.068303 0.518505 0.399269
v 0.027740 0.518505 0.399269
v 0.027912 0.518196 0.399358
v 0.027740 0.518196 0.399358
v 0.068303 0.518505 0.399269
v 0.068303 0.518196 0.399358
v 0.027912 0.518196 0.399358
v 0.027740 0.518285 0.399667
v 0.027740 0.518196 0.399358
v 0.027912 0.518285 0.399667
v 0.068303 0.518285 0.399667
v 0.068303 0.518196 0.399358
vn -0.0020307670100052763 -0.2800437013797319 -0.9599851047296988
vn -0.5577419951477675 -0.7964869930707386 0.23352159796841335
vn -0.8300124741435597 0.5358154833083459 -0.1548581951758776
vn 0.5577419951477675 0.7964869930707386 -0.23352159796841335
vn 0.8300124114156878 -0.5358156073694124 0.15485810212986173
vn 0.0019159780255733764 0.28011440373880625 0.9599647128130588
vn 0.000011108249768622417 0.9603622799962814 -0.2787548941937175
vn -0.999999053205576 0.0012556999412401887 0.0005628548736615058
vn 6.778453285691105e-7 0.27786221171104347 0.9606209404872391
vn 1 0 0
vn -0.000002311888001570321 -0.27759670018855387 -0.960697700652542
vn -1.704527902851517e-8 -0.9607791452410042 0.27731468419462585
usemtl material_0_0
f 1//1 2//1 3//1
f 2//1 1//1 4//1
f 2//1 4//1 5//1
f 6//2 7//2 8//2
f 7//2 6//2 9//2
f 10//3 11//3 12//3
f 11//3 10//3 13//3
f 14//4 15//4 16//4
f 15//4 14//4 17//4
f 18//5 19//5 20//5
f 19//5 18//5 21//5
f 19//5 21//5 22//5
f 22//5 21//5 23//5
f 24//6 25//6 26//6
f 25//6 24//6 27//6
f 28//6 25//6 27//6
f 29//7 30//7 31//7
f 30//7 29//7 32//7
f 33//8 34//8 35//8
f 34//8 33//8 36//8
f 37//9 38//9 39//9
f 38//9 40//9 41//9
f 40//9 38//9 37//9
f 42//10 43//10 44//10
f 43//10 42//10 45//10
f 46//11 47//11 48//11
f 47//11 49//11 50//11
f 49//11 47//11 46//11
f 51//12 52//12 53//12
f 52//12 51//12 54//12
f 54//12 51//12 55//12
f 55//12 51//12 56//12
