# SSTK version 0.8.0
# 274
mtllib original-274.mtl
o group_50/ID1570#ID1570
v -0.044348 0.518182 0.399369
v -0.044081 0.518354 0.399319
v -0.044252 0.518045 0.399409
v -0.036180 0.507072 0.402627
v -0.036448 0.506900 0.402677
v -0.036448 0.506990 0.402986
v -0.036448 0.506900 0.402677
v -0.036181 0.507162 0.402936
v -0.036180 0.507072 0.402627
v -0.044081 0.518354 0.399319
v -0.044081 0.518445 0.399628
v -0.036180 0.507072 0.402627
v -0.036181 0.507162 0.402936
v -0.044348 0.518272 0.399678
v -0.044081 0.518445 0.399628
v -0.044348 0.518182 0.399369
v -0.044081 0.518354 0.399319
v -0.044348 0.518182 0.399369
v -0.044252 0.518045 0.399409
v -0.044348 0.518272 0.399678
v -0.044252 0.518134 0.399718
v -0.036448 0.506900 0.402677
v -0.036448 0.506990 0.402986
v -0.044081 0.518134 0.399718
v -0.036181 0.507162 0.402936
v -0.044081 0.518445 0.399628
v -0.044252 0.518134 0.399718
v -0.036448 0.506990 0.402986
v -0.084161 0.518444 0.399628
v -0.044081 0.518445 0.399628
v -0.084161 0.518354 0.399319
v -0.044081 0.518354 0.399319
v -0.044081 0.518354 0.399319
v -0.044081 0.518445 0.399628
v -0.044081 0.518045 0.399408
v -0.044081 0.518134 0.399718
v -0.084161 0.518444 0.399628
v -0.044252 0.518134 0.399718
v -0.044081 0.518445 0.399628
v -0.044081 0.518134 0.399718
v -0.084161 0.518134 0.399718
v -0.084161 0.518354 0.399319
v -0.084161 0.518045 0.399408
v -0.084161 0.518444 0.399628
v -0.084161 0.518134 0.399718
v -0.044081 0.518354 0.399319
v -0.044252 0.518045 0.399409
v -0.084161 0.518354 0.399319
v -0.084161 0.518045 0.399408
v -0.044081 0.518045 0.399408
v -0.084161 0.518045 0.399408
v -0.044252 0.518045 0.399409
v -0.084161 0.518134 0.399718
v -0.044252 0.518134 0.399718
v -0.044081 0.518134 0.399718
v -0.044081 0.518045 0.399408
vn 0.0020307670100052763 -0.2800437013797319 -0.9599851047296988
vn 0.5577419951477675 -0.7964869930707386 0.23352159796841335
vn 0.8300124741435597 0.5358154833083459 -0.1548581951758776
vn -0.5577419951477675 0.7964869930707386 -0.23352159796841335
vn -0.8300124114156878 -0.5358156073694124 0.15485810212986173
vn -0.0019159780255733764 0.28011440373880625 0.9599647128130588
vn -0.000011108249768622417 0.9603622799962814 -0.2787548941937175
vn 0.999999053205576 0.0012556999412401887 0.0005628548736615058
vn -6.778453285691105e-7 0.27786221171104347 0.9606209404872391
vn -1 0 0
vn 0.000002311888001570321 -0.27759670018855387 -0.960697700652542
vn 1.704527902851517e-8 -0.9607791452410042 0.27731468419462585
usemtl material_0_0
f 3//1 2//1 1//1
f 3//1 4//1 2//1
f 4//1 3//1 5//1
f 8//2 7//2 6//2
f 7//2 8//2 9//2
f 12//3 11//3 10//3
f 11//3 12//3 13//3
f 16//4 15//4 14//4
f 15//4 16//4 17//4
f 20//5 19//5 18//5
f 21//5 19//5 20//5
f 21//5 22//5 19//5
f 22//5 21//5 23//5
f 26//6 25//6 24//6
f 25//6 27//6 24//6
f 27//6 25//6 28//6
f 31//7 30//7 29//7
f 30//7 31//7 32//7
f 35//8 34//8 33//8
f 34//8 35//8 36//8
f 39//9 38//9 37//9
f 38//9 39//9 40//9
f 37//9 38//9 41//9
f 44//10 43//10 42//10
f 43//10 44//10 45//10
f 48//11 47//11 46//11
f 47//11 48//11 49//11
f 46//11 47//11 50//11
f 53//12 52//12 51//12
f 54//12 52//12 53//12
f 55//12 52//12 54//12
f 52//12 55//12 56//12
